COSMOS 1408 DEB         
1 49537U 82092AA  25234.46373333  .00037028  00000+0  43475-3 0  9992
2 49537  82.5350 216.0014 0046460 318.2175  41.5537 15.59926368208126
COSMOS 1408 DEB         
1 50032U 82092RU  25232.84762125  .00004368  00000+0  94105-4 0  9993
2 50032  82.5661 175.0826 0014327 266.3618  93.5992 15.44168413208451
COSMOS 1408 DEB         
1 50058U 82092SW  25232.81500042  .00019031  00000+0  26596-3 0  9997
2 50058  82.6123 187.8243 0020830 154.6810 205.5470 15.56430667210282
COSMOS 1408 DEB         
1 50404U 82092ADS 25234.22003086  .00052838  00000+0  29546-2 0  9994
2 50404  82.2225 327.9613 0247428 218.0006 140.3536 14.90830057195050
COSMOS 1408 DEB         
1 50621U 82092ALR 25232.31074104  .00018122  00000+0  31470-3 0  9990
2 50621  82.5729 192.6279 0031851 208.2854 151.6670 15.50101037204748
