COSMOS 1408 DEB         
1 49537U 82092AA  25235.93907869  .00037010  00000+0  43305-3 0  9995
2 49537  82.5356 214.4509 0046096 312.3942  47.3416 15.60035723208358
COSMOS 1408 DEB         
1 50032U 82092RU  25235.82849304  .00003836  00000+0  82467-4 0  9996
2 50032  82.5669 172.0360 0014371 254.1700 105.7964 15.44191491208913
COSMOS 1408 DEB         
1 50058U 82092SW  25235.90091792  .00017027  00000+0  23691-3 0  9993
2 50058  82.6136 184.6319 0021185 143.9971 216.2716 15.56535889210765
COSMOS 1408 DEB         
1 50404U 82092ADS 25235.69659761  .00050648  00000+0  28243-2 0  9993
2 50404  82.2220 326.5052 0247079 213.0956 145.4599 14.90977152195275
COSMOS 1408 DEB         
1 50621U 82092ALR 25235.92567381  .00013600  00000+0  23510-3 0  9996
2 50621  82.5740 188.9033 0032287 194.7042 165.3274 15.50201575205302
